1624096300328226817
1624095655265198080
1624095337433497600
1624095312842305543
1624094709009330184
1624094697365942282
1624094669733867533
1624094655439679499
1624094469904642063
1624094418402783271
1624094394277146638
1624094357329678336
1624094352178831360
1624094050004488192
1624093606574272541
1624086853606338560
1624085882075578368
1624083847120928768
1624081912150077445
1624081818268971010
1624081499539505155
1624076930281529346
1624074139312222210
1624074019359145992
1624073864086016003
1624073786327810050
1624073705348374535
1624072499334971394
1624068542164353027
1624066956948295680
1624065750028759040
1624065599327416322
1624064762303639552
1624059842108313600
1624050257884594177
1624049229948719105
1624046319789568005
