1614566809176539136
1614566488350027777
1614566419009789955
1614566328404164609
1614566320967938049
1614566195222675456
1614566128231092224
1614566009058529281
1614565902795800578
1614565807589314560
1614565791587876866
1614565669013708800
1614565645261365250
1614565591628615680
1614565457494937601
1614565273348222978
1614565205274677248
1614564971433848832
1614564955440959489
1614564933785772032
1614564914835886082
1614564808300580865
1614564728801742849
1614564712150368257
1614564680386899968
1614564633959927808
1614564574774317057
1614564564909297665
1614564508219092999
1614564370788540416
1614564366254497792
